0
1
2
3
4
215
216
217
165
166
167
168
452
138
139
140
141
142
70
71
72
73
74
460
515
516
517
518
358
359
305
306
307
308
145
146
147
496
407
408
208
396
397
398
278
482
483
484
335
336
337
338
192
256
257
258
259
260
202
203
117
118
119
120
121
199
200
290
291
292
293
394
504
505
62
63
64
65
66
14
125
529
530
531
532
533
231
232
233
18
19
20
98
99
100
101
102
316
317
318
128
129
36
179
180
181
182
349
402
403
475
476
477
478
479
374
375
376
377
378
586
587
111
112
113
114
115
454
455
456
457
50
51
239
240
188
472
59
354
355
356
488
489
490
368
369
418
419
420
421
54
55
56
57
557
558
559
560
561
83
84
85
195
196
197
222
223
131
132
133
134
372
427
428
429
430
341
342
343
344
576
577
578
579
580
314
380
162
163
322
323
324
325
----------------------------
452
138
139
140
141
142
70
71
72
73
74
460
515
516
517
518
358
359
305
306
307
308
145
146
147
496
407
408
208
396
397
398
278
482
483
484
335
336
337
338
192
256
257
258
259
260
202
203
117
118
119
120
121
199
200
290
291
292
293
394
504
505
62
63
64
65
66
14
125
529
530
531
532
533
231
232
233
18
19
20
98
99
100
101
102
316
317
318
128
129
36
179
180
181
182
349
402
403
475
476
477
478
479
374
375
376
377
378
586
587
111
112
113
114
115
454
455
456
457
50
51
239
240
188
472
59
354
355
356
488
489
490
368
369
418
419
420
421
54
55
56
57
557
558
559
560
561
83
84
85
195
196
197
222
223
131
132
133
134
372
427
428
429
430
341
342
343
344
576
577
578
579
580
314
380
162
163
322
323
324
325
----------------------------
452
138
139
140
141
142
70
71
72
73
74
460
515
516
517
518
358
359
305
306
307
308
145
146
147
496
407
408
208
396
397
398
278
482
483
484
335
336
337
338
192
256
257
258
259
260
202
203
117
118
119
120
121
199
200
290
291
292
293
394
504
505
62
63
64
65
66
14
125
529
530
531
532
533
231
232
233
18
19
20
98
99
100
101
102
316
317
318
128
129
36
179
180
181
182
349
402
403
475
476
477
478
479
374
375
376
377
378
586
587
111
112
113
114
115
454
455
456
457
50
51
239
240
188
472
59
354
355
356
488
489
490
368
369
418
419
420
421
54
55
56
57
557
558
559
560
561
83
84
85
195
196
197
222
223
131
132
133
134
372
427
428
429
430
341
342
343
344
576
577
578
579
580
314
380
162
163
322
323
324
325
----------------------------
